1



3



5



6
7
8
10

11
13



15



17



19

20
21



23



25



27

28
29

30
31



33
35

36
38



39
40

41
43



44
45

46
48



49
50

51
53



54
55

56
58



59
61

62
63
64
65
66
67
69



71



73



74
75



76
78



79
80

81
83



84
85

86
87

88
89

90
91

92
93



94
96



97
98

99
100

101
102

103
104

105
106



107
109



110
111

112
113

114
115

116
117

118
119



120
122



123
124

125
126

127
128

129
130

131
132



133
135



136
137

138
139

140
141

142
143

144
145



146
148



149
150

151
152

153
154

155
156

157
158



159
161



162
163

164
165

166
167

168
169

170
171



172
174



175
176

177
178

179
180

181
182

183
184



185
187



188
189

190
191

192
193

194
195

196
197



198
200



201
202



203
204



205
206



207
208



209
210



211
212



213
214



215
216



217
218
219
220
221
222
223
224
225
226
227
228

229
230
232



233
234



235
236

237
238

239
240
241
242
243
244
245
246
247



248
249

250
251
253



254
255



256
257

258
259

260
261
262
263
264
265
266
267
268



269
270

271
272
274



275
276



277
278

279
280

281
282
283
284
285
286
287
288
289



290
291

292
293
295



296
297



298
299

300
301

302
303
304
305
306
307
308
309
310



311
312

313
314
316



317
318
319



320
321
322

323
324
325

327

328
329

330
331



332
333

334
335
336

337
338



340



341
342



343
344



345
346
348

349
350
352



353
354
355



356
357
358

359
360
361

363

364
365

366
367



368
369

370
371
372

373
374



376



377
378



379
380



381
382
384

385
386
388



389
390
391



392
393
394

395
396
397

399

400
401

402
403



404
405

406
407
408

409
410



412



413
414



415
416



417
418
420

421
422
424



425
426
427



428
429
430

431
432
433

435

436
437

438
439



440
441

442
443
444

445
446



448



449
450



451
452



453
454
456

457
458
460



461
463

464
465
466
467
468
470



471
472
473
475



476
477
478

479
480
481

482
483
484

486



487
488

489
490

491
492



493
495



496
497

498
499

501



502
503

504
505
506

507

508
509
510

511

512
514



515
516

517
518

519

520
521
522

523

524
525
526

527

528
530



531
532

533
534

535

536
537
538

539

540
541
542

543

544
546



547
548

549
550

551
553



554
555

556
557

559



560
561

562
563
564

565

566
567
568

569

570
572



573
574

575
576

577

578
579
580

581

582
583
584

585

586
588



589
590

591
592

593

594
595
596

597

598
599
600

601

602
604



605
606

607
608

609
611



612
613

614
615

617



618
619

620
621
622

623

624
625
626

627

628
630



631
632

633
634

635

636
637
638

639

640
641
642

643

644
646



647
648

649
650

651

652
653
654

655

656
657
658

659

660
662



663
664

665
666

667
669



670
671



672
673



674
675
676
677
678
680

681
682
684



686



688



689
690

691
693



694
695

696
698



699
700



701
703



704
705

706
708



709
710
711
713



714
715
716

717
718
719

720
721
722

724



725
726

727
729



730
731



732
733



734
735
737



738
739

740
742



743
744

745
746

747
748



749
751



752
753



754
756



757
758



759
760



761
762
764



765
766



767
768
769



770
771



773



774
775

776
777

778
779



780
781



783

784
785
787



788
790

791
792
794



795
796



797
798
799

801



802
803



804
805

806
807



808

809
810
812



813
815

816
818



819

821



822
823



824
825



826
827

829



830
831



832

834



835
836



837
838



839
840

842



843
844

845
847



848

850



851
852



853
854



856



857
859

860
862



863
864

865
866



868



869
871

872
874



875
876



877
879



880
881



882
884



885
886



887
889



890
891



892
894



895
896



897
899



900
901



902
904



905
906



907
909



910
911



912
914



915
916



917
919



920
921



922
923



924
925



926
927



928
929



930
931



932
933
934
935
936
937
938
939
940
942



943
945

946
947
948
949
950
951
952
953
954
955
957



959



960
961

962
963



964
965
966
967
968
969

970
971

972
973
974
975
976
977
978
979
980
981



982
984



985
986
987
989



990
991



992
993
994

996



997
998



999
1000



1001
1002

1003
1004

1005
1006



1007
1008
1009
1010
1011
1013

1014
1015
1017



1018
1019



1020
1021



1022
1023



1024
1026



1027
1028



1030



1031
1032

1033
1034



1036

1037
1039

1040
1041



1043



1044
1045

1046
1047



1049



1050
1051

1052
1053



1055



1056
1057

1058
1059



1061



1062
1063

1064
1065



1067



1068
1069

1070
1071



1073



1074
1075

1076
1077
1078

1079
1080



1082

1083
1084



1086



1087
1088
1089

1090
1091
1092



1093
1094

1095
1096
1097
1098

1100



1101
1102



1103
1104

1105
1106
1107
1108



1109
1110



1111
1112
1113



1115

1116
1117



1119

1120
1121
1123



1124
1125

1126
1127



1129



1130
1131



1132
1133

1134
1135
1137

1138
1139



1140
1141
1142
1143
1144
1145

1146
1147
1148
1149
1150
1151
1152
1153
1154



1155

1157

1158
1159



1161



1162
1163



1164
1165



1167



1168
1169



1170
1171
1172

1174



1175
1176



1177
1178

1179
1180

1182



1183
1184

1185
1186



1188



1189
1190



1191
1192

1194



1195
1196

1197
1198



1200

1201
1202
1204



1205
1206

1207
1208
1209
1210



1211
1212
1213

1215



1216
1217



1218
1219

1220
1221

1222
1223



1224
1225



1226
1227

1228
1229
1230

1232



1233
1234



1235
1236



1237
1238

1239
1240
1242



1243
1244



1245
1246

1248



1249
1250

1251
1253



1254
1255



1256
1257

1259



1260
1261

1262
1264



1265
1266



1267
1268

1270



1271
1272

1273
1275



1276
1277



1278
1279

1281



1282
1283

1284
1286



1287
1288



1289
1290

1292



1293
1294

1295
1297



1298
1299



1300
1301

1303



1304
1305

1306
1308



1309
1310



1311
1312

1314



1315
1316

1317
1319



1320
1321



1322
1323

1325



1326
1327

1328
1330



1331
1332



1333
1334



1335
1336



1337
1338



1339
1340



1341
1342



1343
1344



1345
1346



1347
1348



1349
1350



1351
1352
1353
1354
1355
1356
1357
1358
1359
1360
1361
1362
1364



1365
1366



1368

1369
1370
1372



1373
1374



1375
1376

1378



1379
1380

1381
1382
1383



1385



1386
1387



1388
1389

1390
1391
1393

1395



1396
1397

1398
1400



1401
1402

1403
1405



1406
1408

1409
1410

1411
1412
1413
1415

1416
1417

1418
1419



1421

1422
1423

1424
1425



1427



1428
1429

1430
1431



1432
1433
1434
1435
1436
1437

1438
1439

1440
1441
1442
1443
1444
1445
1446
1447
1448
1449



1450
1452



1453
1454

1455
1456



1457
1458
1459
1460
1461
1462

1463
1464

1465
1466
1467
1468
1469
1470
1471
1472
1473
1474



1475
1476

1477
1478

1479
1480
1481
1482
1483
1484
1486



1487
1488
1489

1490
1491
1492



1493
1494
1495

1497



1498
1499



1500
1501
1502



1503
1504



1505
1506
1507



1509

1510
1511
1513



1514
1515

1516
1517
1518
1519
1520
1521
1522
1523



1524
1525

1527

1528
1529



1530

1532

1533
1534



1536



1537
1538

1539
1540



1542

1543
1544



1546



1547
1548



1550

1551
1552



1554



1555
1556

1557
1558



1560

1561
1563



1564
1565



1567

1568
1569



1571



1572
1573

1574
1575



1577

1578
1580



1581
1582



1583
1584

1585
1586



1587
1588



1589
1590
1591

1592
1593



1594
1595



1596
1597

1598
1599



1600
1601



1602
1603
1604
1605

1607



1608
1609

1610
1612



1613
1614

1615
1617

1618
